   100
   3   tjucam01   tjucam02   tjucam03
   1   target-a0:20:a6:16:8d:3
0   264.969   303.824   -1   -1   -1   -1   0.55   -0.06   0.34   0.76
0   265.467   303.785   -1   -1   -1   -1   0.57   -0.08   0.36   0.74
0   -1   -1   -1   -1   -1   -1   0.34   -0.53   0.58   0.52
0   -1   -1   -1   -1   -1   -1   0.34   -0.53   0.58   0.52
0   -1   -1   -1   -1   -1   -1   0.34   -0.53   0.58   0.52
0   -1   -1   -1   -1   -1   -1   0.34   -0.53   0.58   0.52
0   -1   -1   -1   -1   -1   -1   0.34   -0.52   0.58   0.52
0   -1   -1   -1   -1   -1   -1   0.34   -0.52   0.58   0.52
0   -1   -1   -1   -1   -1   -1   0.34   -0.52   0.58   0.52
0   -1   -1   -1   -1   -1   -1   0.34   -0.52   0.59   0.52
0   -1   -1   -1   -1   -1   -1   0.34   -0.52   0.58   0.52
0   -1   -1   -1   -1   -1   -1   0.34   -0.51   0.59   0.52
0   -1   -1   -1   -1   -1   -1   0.34   -0.51   0.59   0.52
0   -1   -1   -1   -1   -1   -1   0.35   -0.51   0.6   0.52
0   -1   -1   -1   -1   -1   -1   0.35   -0.5   0.6   0.52
0   -1   -1   -1   -1   -1   -1   0.35   -0.52   0.58   0.52
0   -1   -1   -1   -1   -1   -1   0.31   -0.52   0.55   0.57
0   -1   -1   -1   -1   -1   -1   0.27   -0.48   0.59   0.59
0   -1   -1   -1   -1   -1   -1   0.25   -0.46   0.61   0.59
0   -1   -1   -1   -1   -1   -1   0.24   -0.47   0.61   0.59
0   -1   -1   -1   -1   -1   -1   0.24   -0.51   0.58   0.58
0   -1   -1   -1   -1   -1   -1   0.08   0.06   0.25   0.96
0   220.559   263.893   329.179   349.509   295.35   499.818   0.48   -0.03   0.04   0.87
0   221.422   266.092   330.899   347.668   289.603   497.462   0.49   -0.02   0.04   0.87
0   217.908   268.278   326.193   345.783   285.483   484.877   0.5   -0.04   -0   0.87
0   214.328   271.567   319.563   342.441   273.065   501.866   0.49   -0.06   0.04   0.87
0   208.422   279.996   314.663   336.317   267.618   505.772   0.49   -0.05   0.05   0.87
0   202.049   280.787   298.725   324.569   257.36   523.527   0.51   -0.01   0.04   0.86
0   206.936   302.62   304.915   299.422   286.278   471.696   0.55   -0.02   0.05   0.83
0   201.486   278.954   318.634   297.373   302.915   487.466   0.54   -0.02   0.08   0.84
0   215.911   273.196   312.88   313.84   321.884   483.742   0.53   -0.01   0.09   0.84
0   224.663   281.713   301.744   336.019   326.159   453.662   0.53   -0.01   0.11   0.84
0   232.262   311.579   319.284   350.616   318.354   422.206   0.53   -0.02   0.11   0.84
0   232.114   344.691   338.197   314.133   291.752   405.15   0.52   -0.02   0.12   0.84
0   216.641   337.612   343.664   278.813   280.364   451.013   0.52   -0.02   0.12   0.85
0   209.086   305.169   338.375   243.22   303.713   494.294   0.52   -0.01   0.12   0.85
0   215.518   275.935   327.41   251.109   336.425   506.021   0.52   -0.02   0.12   0.85
0   226.228   272.243   307.773   318.324   347.745   467.318   0.52   -0.02   0.12   0.85
0   241.667   291.411   312.28   339.73   333.855   430.779   0.52   -0.02   0.12   0.85
0   245.918   321.356   336.108   340.652   296.923   400.179   0.52   -0.02   0.12   0.85
0   226.57   337.382   362.926   301.178   281.045   410.245   0.52   -0.03   0.12   0.85
0   254.723   334.468   355.503   226.601   307.871   308.183   0.48   -0.13   0.12   0.86
0   249.203   369.344   339.634   236.613   276.851   339.269   0.44   -0.19   0.11   0.87
0   228.969   354.699   324.801   261.093   286.946   390.035   0.44   -0.18   0.09   0.88
0   216.39   327.424   312.245   308.806   290.628   403.548   0.46   -0.12   0.09   0.87
0   219.414   284.771   321.296   308.85   299.963   369.231   0.49   -0.08   0.08   0.86
0   221.191   299.237   321.022   267.352   294.148   331.33   0.5   -0.13   0.09   0.85
0   293.011   224.447   339.12   391.202   415.084   356.576   0.37   -0.09   0.08   0.92
0   314.806   256.066   366.599   397.655   354.979   296.232   0.36   -0.07   0.07   0.93
0   318.849   334.788   419.746   356.859   287.475   289.343   0.37   -0.06   0.08   0.93
0   294.735   362.996   446.919   309.735   267.316   333.318   0.38   -0.06   0.08   0.92
0   257.294   366.342   393.483   246.989   308.446   392.611   0.38   -0.08   0.09   0.92
0   207.207   290.169   312.242   323.964   366.856   419.333   0.37   -0.1   0.11   0.92
0   247.032   176.455   344.573   426.165   406.906   419.856   0.37   -0.11   0.11   0.92
0   283.645   178.127   408.528   413.713   428.421   395.97   0.37   -0.1   0.11   0.92
0   316.288   205.632   450.357   372.672   394.002   369.223   0.37   -0.09   0.11   0.92
0   339.818   261.022   462.973   302.677   293.182   348.123   0.38   -0.09   0.11   0.91
0   331.994   294.241   414.852   267.569   238.142   360.733   0.42   -0.07   0.1   0.9
0   299.104   319.234   320.869   278.116   283.242   379.225   0.46   -0.08   0.09   0.88
0   176.211   307.248   274.575   356.159   314.722   392.848   0.47   -0.09   0.09   0.87
0   198.72   225.352   315.596   395.384   334.479   394.54   0.46   -0.07   0.09   0.88
0   251.61   217.505   352.462   390.632   361.735   388.124   0.46   -0.06   0.08   0.88
0   147.832   321.436   220.82   266.135   -1   -1   0.55   0.08   0.13   0.82
0   121.66   327.167   188.569   240.088   -1   -1   0.56   0.09   0.11   0.82
0   136.077   315.801   183.895   204.337   -1   -1   0.56   0.1   0.1   0.81
0   132.122   314.643   160.413   185.668   -1   -1   0.54   0.07   0.11   0.83
0   122.571   305.94   138.094   184.295   -1   -1   0.55   0.07   0.1   0.83
0   135.038   307.076   155.338   171.825   -1   -1   0.56   0.08   0.1   0.82
0   133.076   299.855   143.183   194.177   -1   -1   0.56   0.11   0.1   0.81
0   138.618   281.785   179.951   187.964   -1   -1   0.58   0.13   0.09   0.8
0   155.128   293.878   188.611   183.729   -1   -1   0.6   0.11   0.08   0.79
0   150.14   293.484   186.881   182.289   -1   -1   0.6   0.09   0.08   0.79
0   152.869   291.738   179.666   181.234   -1   -1   0.59   0.06   0.07   0.8
0   151.556   289.163   184.389   183.63   -1   -1   0.6   0.04   0.08   0.79
0   147.308   287.384   188.028   189.448   -1   -1   0.6   0.06   0.09   0.79
0   143.649   287.364   186.921   197.739   -1   -1   0.59   0.07   0.1   0.8
0   145.101   291.158   187.358   204.098   -1   -1   0.56   0.09   0.08   0.82
0   153.36   296.99   173.709   206.874   -1   -1   0.55   0.09   0.07   0.82
0   161.602   301.877   175.797   205.505   -1   -1   0.56   0.06   0.06   0.83
0   172.272   305.011   205.368   199.592   256.925   522.981   0.57   0.05   0.06   0.82
0   181.931   304.386   212.603   202.523   268.065   519.731   0.58   0.05   0.07   0.81
0   193.858   305.957   214.744   200.158   276.135   516.279   0.58   0.05   0.09   0.81
0   198.04   306.309   230.77   196.463   291.148   505.828   0.58   0.06   0.11   0.81
0   207.751   306.601   243.862   189.599   300.045   478.2   0.58   0.07   0.11   0.81
0   214.711   310.469   260.122   190.794   287.543   444.524   0.57   0.09   0.08   0.81
0   218.937   306.845   273.19   196.793   292.959   420.157   0.55   0.08   0.05   0.83
0   214.757   285.39   289.136   202.06   298.498   410.703   0.54   0.06   0.04   0.84
0   223.614   277.52   292.602   268.084   317.986   403.592   0.54   0.04   0.05   0.84
0   228.16   289.344   293.62   306.174   360.183   399.426   0.56   0.02   0.05   0.83
0   241.163   316.06   302.082   330.781   386.087   401.383   0.57   0.02   0.09   0.82
0   262.803   339.597   308.085   323.18   386.231   402.884   0.58   0.03   0.11   0.81
0   271.051   345.807   338.523   246.534   364.456   406.055   0.59   0.08   0.09   0.8
0   269.676   342.015   357.115   211.88   327.496   405.549   0.59   0.09   0.07   0.8
0   248.304   321.093   365.248   189.037   304.643   378.14   0.59   0.1   0.05   0.8
0   235.425   312.427   356.425   175.592   322.753   375.119   0.58   0.1   0.03   0.8
0   232.866   322.005   338.868   190.127   338.379   391.771   0.57   0.06   0.03   0.82
0   244.594   332.856   320.939   213.419   367.223   434.505   0.57   0.03   0.04   0.82
0   251.35   332.975   307.893   225.01   386.003   469.841   0.57   0.01   0.06   0.82
0   266.433   314.307   316.681   210.371   382.875   468.92   0.58   0   0.09   0.81
0   273.458   294.888   332.072   184.694   355.251   442.582   0.59   0.02   0.11   0.8
